{
 "cells": [
  {
   "cell_type": "markdown",
   "id": "8469d3de",
   "metadata": {},
   "source": [
    "![tracker](https://us-central1-vertex-ai-mlops-369716.cloudfunctions.net/pixel-tracking?path=statmike%2Fvertex-ai-mlops%2FTips&file=BigQuery+-+Python+Client.ipynb)\n",
    "<!--- header table --->\n",
    "<table align=\"left\">\n",
    "  <td style=\"text-align: center\">\n",
    "    <a href=\"https://colab.research.google.com/github/statmike/vertex-ai-mlops/blob/main/Tips/BigQuery%20-%20Python%20Client.ipynb\">\n",
    "      <img src=\"https://cloud.google.com/ml-engine/images/colab-logo-32px.png\" alt=\"Google Colaboratory logo\">\n",
    "      <br>Run in<br>Colab\n",
    "    </a>\n",
    "  </td>\n",
    "  <td style=\"text-align: center\">\n",
    "    <a href=\"https://console.cloud.google.com/vertex-ai/colab/import/https%3A%2F%2Fraw.githubusercontent.com%2Fstatmike%2Fvertex-ai-mlops%2Fmain%2FTips%2FBigQuery%2520-%2520Python%2520Client.ipynb\">\n",
    "      <img width=\"32px\" src=\"https://lh3.googleusercontent.com/JmcxdQi-qOpctIvWKgPtrzZdJJK-J3sWE1RsfjZNwshCFgE_9fULcNpuXYTilIR2hjwN\" alt=\"Google Cloud Colab Enterprise logo\">\n",
    "      <br>Run in<br>Colab Enterprise\n",
    "    </a>\n",
    "  </td>      \n",
    "  <td style=\"text-align: center\">\n",
    "    <a href=\"https://github.com/statmike/vertex-ai-mlops/blob/main/Tips/BigQuery%20-%20Python%20Client.ipynb\">\n",
    "      <img src=\"https://cloud.google.com/ml-engine/images/github-logo-32px.png\" alt=\"GitHub logo\">\n",
    "      <br>View on<br>GitHub\n",
    "    </a>\n",
    "  </td>\n",
    "  <td style=\"text-align: center\">\n",
    "    <a href=\"https://console.cloud.google.com/vertex-ai/workbench/deploy-notebook?download_url=https://raw.githubusercontent.com/statmike/vertex-ai-mlops/main/Tips/BigQuery%20-%20Python%20Client.ipynb\">\n",
    "      <img src=\"https://lh3.googleusercontent.com/UiNooY4LUgW_oTvpsNhPpQzsstV5W8F7rYgxgGBD85cWJoLmrOzhVs_ksK_vgx40SHs7jCqkTkCk=e14-rj-sc0xffffff-h130-w32\" alt=\"Vertex AI logo\">\n",
    "      <br>Open in<br>Vertex AI Workbench\n",
    "    </a>\n",
    "  </td>\n",
    "</table>"
   ]
  },
  {
   "cell_type": "markdown",
   "id": "4a032014-d485-43b2-8b71-b6b72efd59ec",
   "metadata": {},
   "source": [
    "# Python BigQuery Client(s)\n",
    "\n",
    "This notebook covers many ways of interacting with BigQuery tables from Python, including:\n",
    "- ways unique to Jupyter notebooks like magics\n",
    "- built in methods for pandas like pandas-gbq methods\n",
    "- the BigQuery Python clinet\n",
    "- BigQuery storage api for fast, multiprocessing, reads directly from BigQuery storage\n",
    "\n",
    "\n",
    "**Notes:**\n",
    "- The `LIMIT 5` statement does limit the number of rows returned by BigQuery to 5 but BigQuery still does a full table scan.  If you have a table larger than 1GB and want to limit the rows scanned for a quick review then replacing `LIMIT 5` with `TABLESAMPLE SYSTEM (1 PERCENT)` would be more efficient.  For tables under 1GB it will still return the full table.  More on [Table Sampling](https://cloud.google.com/bigquery/docs/table-sampling)\n",
    "- Each of the examples below run the same query in BigQuery.  The query is cached on the first run for up to 24 hours.  This means the subsequent, identical queries will not scan the data and instead use the cached results table.  More information on [Using cached query results](https://cloud.google.com/bigquery/docs/cached-results).\n",
    "\n",
    "\n",
    "\n",
    "**Resources:**\n",
    "- [BigQuery Python Client](https://cloud.google.com/python/docs/reference/bigquery/latest)\n",
    "    - Interact with BigQuery compute to run queries\n",
    "- [BigQuery Storage API Python Client](https://cloud.google.com/python/docs/reference/bigquerystorage/latest)\n",
    "    - directly read from BigQuery storage through streams which support multiprocessing\n",
    "- Using BigQuery From Python, Notebooks in This Repository\n",
    "    - [01 - Data Sources/01 - BigQuery - Table Data Sources](../01%20-%20Data%20Sources/01%20-%20BigQuery%20-%20Table%20Data%20Source.ipynb)\n",
    "    - [03 - BigQuery ML (BQML)/03 - Introduction to BigQuery ML (BQML)](../03%20-%20BigQuery%20ML%20(BQML)/03%20-%20Introduction%20to%20BigQuery%20ML%20(BQML).ipynb)\n",
    "    - [Applied Forecasting/BigQuery Time Series Forecasting Data Review and Preparation](../Applied%20Forecasting/BigQuery%20Time%20Series%20Forecasting%20Data%20Review%20and%20Preparation.ipynb)\n"
   ]
  },
  {
   "cell_type": "markdown",
   "id": "15273ec6-33bf-47ec-b4c9-a54fa591a9e8",
   "metadata": {},
   "source": [
    "---\n",
    "## Colab Setup\n",
    "\n",
    "To run this notebook in Colab click [![Open In Colab](https://colab.research.google.com/assets/colab-badge.svg)](https://colab.research.google.com/github/statmike/vertex-ai-mlops/blob/main/Tips/BigQuery%20-%20Python%20Client.ipynb) and run the cells in this section.  Otherwise, skip this section.\n",
    "\n",
    "This cell will authenticate to GCP (follow prompts in the popup)."
   ]
  },
  {
   "cell_type": "code",
   "execution_count": 1,
   "id": "4da7ce6e-6e6d-466e-ba89-d766f7478cd8",
   "metadata": {
    "tags": []
   },
   "outputs": [],
   "source": [
    "PROJECT_ID = 'statmike-mlops-349915' # replace with project ID"
   ]
  },
  {
   "cell_type": "code",
   "execution_count": 2,
   "id": "ea333ef3-602e-4051-8bab-6ca5b2999c62",
   "metadata": {
    "tags": []
   },
   "outputs": [],
   "source": [
    "try:\n",
    "    import google.colab\n",
    "    from google.colab import auth\n",
    "    auth.authenticate_user()\n",
    "    !gcloud config set project {PROJECT_ID}\n",
    "except Exception:\n",
    "    pass"
   ]
  },
  {
   "cell_type": "markdown",
   "id": "c2434067-646e-4954-80eb-a4a868162c9a",
   "metadata": {},
   "source": [
    "---\n",
    "## Installs\n",
    "\n",
    "The list `packages` contains tuples of package import names and install names.  If the import name is not found then the install name is used to install quitely for the current user."
   ]
  },
  {
   "cell_type": "code",
   "execution_count": 3,
   "id": "a6163f5f-e7dc-4364-88e5-3dc079f20e0a",
   "metadata": {
    "tags": []
   },
   "outputs": [],
   "source": [
    "# tuples of (import name, install name)\n",
    "packages = [\n",
    "    ('google.cloud.bigquery', 'google-cloud-bigquery'),\n",
    "    ('google.cloud.bigquery_storage', 'google-cloud-bigquery-storage', '2.24.0'),\n",
    "    ('bigframes', 'bigframes'),\n",
    "    ('pandas_gbq', 'pandas-gbq'),\n",
    "    ('tensorflow', 'tensorflow', '2.10'),\n",
    "    ('tensorflow_io', '--no-deps tensorflow-io'),\n",
    "]\n",
    "\n",
    "import importlib\n",
    "install = False\n",
    "for package in packages:\n",
    "    if not importlib.util.find_spec(package[0]):\n",
    "        print(f'installing package {package[1]}')\n",
    "        install = True\n",
    "        !pip install {package[1]} -U -q --user\n",
    "    elif len(package) == 3:\n",
    "        if importlib.metadata.version(package[0]) < package[2]:\n",
    "            print(f'updating package {package[1]}')\n",
    "            install = True\n",
    "            !pip install {package[1]} -U -q --user"
   ]
  },
  {
   "cell_type": "markdown",
   "id": "0ee80153-5c7e-47c2-91ea-7377d18a3fa7",
   "metadata": {},
   "source": [
    "### Restart Kernel (If Installs Occured)\n",
    "\n",
    "After a kernel restart the code submission can start with the next cell after this one."
   ]
  },
  {
   "cell_type": "code",
   "execution_count": 4,
   "id": "7f09eae6-92ed-464b-afa8-b0659e7108fe",
   "metadata": {
    "tags": []
   },
   "outputs": [],
   "source": [
    "if install:\n",
    "    import IPython\n",
    "    app = IPython.Application.instance()\n",
    "    app.kernel.do_shutdown(True)"
   ]
  },
  {
   "cell_type": "markdown",
   "id": "4ec0ef1d-7a2c-4b03-ace7-bbb311b0bb28",
   "metadata": {},
   "source": [
    "---\n",
    "## Setup"
   ]
  },
  {
   "cell_type": "markdown",
   "id": "08612e49-0b3e-42e7-8a47-a6b6999baabd",
   "metadata": {},
   "source": [
    "inputs:"
   ]
  },
  {
   "cell_type": "code",
   "execution_count": 5,
   "id": "21be77b6-15c9-4804-bf28-63f2b631d991",
   "metadata": {
    "tags": []
   },
   "outputs": [
    {
     "data": {
      "text/plain": [
       "'statmike-mlops-349915'"
      ]
     },
     "execution_count": 5,
     "metadata": {},
     "output_type": "execute_result"
    }
   ],
   "source": [
    "project = !gcloud config get-value project\n",
    "PROJECT_ID = project[0]\n",
    "PROJECT_ID"
   ]
  },
  {
   "cell_type": "code",
   "execution_count": 6,
   "id": "4cff6ba1-1a6e-4b08-91d2-360c3eb5897c",
   "metadata": {
    "tags": []
   },
   "outputs": [],
   "source": [
    "# source data\n",
    "BQ_PROJECT = 'bigquery-public-data'\n",
    "BQ_DATASET = 'ml_datasets'\n",
    "BQ_TABLE = 'ulb_fraud_detection'"
   ]
  },
  {
   "cell_type": "markdown",
   "id": "9ca9b255-408d-4aa6-86b0-c1a1e9888dee",
   "metadata": {},
   "source": [
    "packages:"
   ]
  },
  {
   "cell_type": "code",
   "execution_count": 7,
   "id": "186b0b32-ff87-4ad1-8df6-4d6c4c1fbb51",
   "metadata": {
    "tags": []
   },
   "outputs": [],
   "source": [
    "import os\n",
    "os.environ['TF_CPP_MIN_LOG_LEVEL'] = '3'\n",
    "\n",
    "import timeit\n",
    "import concurrent.futures\n",
    "\n",
    "import pandas as pd\n",
    "from google.cloud import bigquery\n",
    "from google.cloud import bigquery_storage\n",
    "import bigframes.pandas as bpd\n",
    "\n",
    "from tensorflow.python.framework import dtypes\n",
    "from tensorflow_io.bigquery import BigQueryClient\n",
    "import tensorflow as tf"
   ]
  },
  {
   "cell_type": "markdown",
   "id": "0376d608-b804-42b5-a36f-ac697daecf06",
   "metadata": {},
   "source": [
    "clients:"
   ]
  },
  {
   "cell_type": "code",
   "execution_count": 8,
   "id": "5f4a0155-53f6-4e1a-a037-90c9392e1088",
   "metadata": {
    "tags": []
   },
   "outputs": [],
   "source": [
    "bq = bigquery.Client(project = PROJECT_ID)\n",
    "bqstorage = bigquery_storage.BigQueryReadClient()\n",
    "bpd.options.bigquery.project = PROJECT_ID"
   ]
  },
  {
   "cell_type": "markdown",
   "id": "b04f84cd-6069-4e29-93fe-3007095bb55c",
   "metadata": {},
   "source": [
    "parameters:"
   ]
  },
  {
   "cell_type": "code",
   "execution_count": 9,
   "id": "b646b3c6-45ef-4620-bb97-855840c4e8cb",
   "metadata": {
    "tags": []
   },
   "outputs": [],
   "source": [
    "BQ_SOURCE = f'{BQ_PROJECT}.{BQ_DATASET}.{BQ_TABLE}'"
   ]
  },
  {
   "cell_type": "markdown",
   "id": "4f46a37d-0c08-4f5b-85d9-2c0ab6f385ce",
   "metadata": {},
   "source": [
    "---\n",
    "## BigQuery From Jupyter"
   ]
  },
  {
   "cell_type": "markdown",
   "id": "062ed6b0-45a0-452a-92d1-97acea6cc703",
   "metadata": {},
   "source": [
    "### BigQuery Cell Magic\n",
    "\n",
    "See the documentation for [IPython Magics for BigQuery](https://cloud.google.com/python/docs/reference/bigquery/latest/magics)"
   ]
  },
  {
   "cell_type": "code",
   "execution_count": 10,
   "id": "e0ac0688-85fa-4676-b46e-f8a2de501d4d",
   "metadata": {
    "tags": []
   },
   "outputs": [
    {
     "data": {
      "application/vnd.jupyter.widget-view+json": {
       "model_id": "5a1fcd65f17b43b9b4e95b2119a5949d",
       "version_major": 2,
       "version_minor": 0
      },
      "text/plain": [
       "Query is running:   0%|          |"
      ]
     },
     "metadata": {},
     "output_type": "display_data"
    },
    {
     "data": {
      "application/vnd.jupyter.widget-view+json": {
       "model_id": "34334b61f9b04b089d3e092565b114ac",
       "version_major": 2,
       "version_minor": 0
      },
      "text/plain": [
       "Downloading:   0%|          |"
      ]
     },
     "metadata": {},
     "output_type": "display_data"
    },
    {
     "data": {
      "text/html": [
       "<div>\n",
       "<style scoped>\n",
       "    .dataframe tbody tr th:only-of-type {\n",
       "        vertical-align: middle;\n",
       "    }\n",
       "\n",
       "    .dataframe tbody tr th {\n",
       "        vertical-align: top;\n",
       "    }\n",
       "\n",
       "    .dataframe thead th {\n",
       "        text-align: right;\n",
       "    }\n",
       "</style>\n",
       "<table border=\"1\" class=\"dataframe\">\n",
       "  <thead>\n",
       "    <tr style=\"text-align: right;\">\n",
       "      <th></th>\n",
       "      <th>Time</th>\n",
       "      <th>V1</th>\n",
       "      <th>V2</th>\n",
       "      <th>V3</th>\n",
       "      <th>V4</th>\n",
       "      <th>V5</th>\n",
       "      <th>V6</th>\n",
       "      <th>V7</th>\n",
       "      <th>V8</th>\n",
       "      <th>V9</th>\n",
       "      <th>...</th>\n",
       "      <th>V21</th>\n",
       "      <th>V22</th>\n",
       "      <th>V23</th>\n",
       "      <th>V24</th>\n",
       "      <th>V25</th>\n",
       "      <th>V26</th>\n",
       "      <th>V27</th>\n",
       "      <th>V28</th>\n",
       "      <th>Amount</th>\n",
       "      <th>Class</th>\n",
       "    </tr>\n",
       "  </thead>\n",
       "  <tbody>\n",
       "    <tr>\n",
       "      <th>0</th>\n",
       "      <td>8748.0</td>\n",
       "      <td>-1.070416</td>\n",
       "      <td>0.304517</td>\n",
       "      <td>2.777064</td>\n",
       "      <td>2.154061</td>\n",
       "      <td>0.254450</td>\n",
       "      <td>-0.448529</td>\n",
       "      <td>-0.398691</td>\n",
       "      <td>0.144672</td>\n",
       "      <td>1.070900</td>\n",
       "      <td>...</td>\n",
       "      <td>-0.122032</td>\n",
       "      <td>-0.182351</td>\n",
       "      <td>0.019576</td>\n",
       "      <td>0.626023</td>\n",
       "      <td>-0.018518</td>\n",
       "      <td>-0.263291</td>\n",
       "      <td>-0.198600</td>\n",
       "      <td>0.098435</td>\n",
       "      <td>0.0</td>\n",
       "      <td>0</td>\n",
       "    </tr>\n",
       "    <tr>\n",
       "      <th>1</th>\n",
       "      <td>27074.0</td>\n",
       "      <td>1.165628</td>\n",
       "      <td>0.423671</td>\n",
       "      <td>0.887635</td>\n",
       "      <td>2.740163</td>\n",
       "      <td>-0.338578</td>\n",
       "      <td>-0.142846</td>\n",
       "      <td>-0.055628</td>\n",
       "      <td>-0.015325</td>\n",
       "      <td>-0.213621</td>\n",
       "      <td>...</td>\n",
       "      <td>-0.081184</td>\n",
       "      <td>-0.025694</td>\n",
       "      <td>-0.076609</td>\n",
       "      <td>0.414687</td>\n",
       "      <td>0.631032</td>\n",
       "      <td>0.077322</td>\n",
       "      <td>0.010182</td>\n",
       "      <td>0.019912</td>\n",
       "      <td>0.0</td>\n",
       "      <td>0</td>\n",
       "    </tr>\n",
       "    <tr>\n",
       "      <th>2</th>\n",
       "      <td>28292.0</td>\n",
       "      <td>1.050879</td>\n",
       "      <td>0.053408</td>\n",
       "      <td>1.364590</td>\n",
       "      <td>2.666158</td>\n",
       "      <td>-0.378636</td>\n",
       "      <td>1.382032</td>\n",
       "      <td>-0.766202</td>\n",
       "      <td>0.486126</td>\n",
       "      <td>0.152611</td>\n",
       "      <td>...</td>\n",
       "      <td>0.083467</td>\n",
       "      <td>0.624424</td>\n",
       "      <td>-0.157228</td>\n",
       "      <td>-0.240411</td>\n",
       "      <td>0.573061</td>\n",
       "      <td>0.244090</td>\n",
       "      <td>0.063834</td>\n",
       "      <td>0.010981</td>\n",
       "      <td>0.0</td>\n",
       "      <td>0</td>\n",
       "    </tr>\n",
       "    <tr>\n",
       "      <th>3</th>\n",
       "      <td>28488.0</td>\n",
       "      <td>1.070316</td>\n",
       "      <td>0.079499</td>\n",
       "      <td>1.471856</td>\n",
       "      <td>2.863786</td>\n",
       "      <td>-0.637887</td>\n",
       "      <td>0.858159</td>\n",
       "      <td>-0.687478</td>\n",
       "      <td>0.344146</td>\n",
       "      <td>0.459561</td>\n",
       "      <td>...</td>\n",
       "      <td>0.048067</td>\n",
       "      <td>0.534713</td>\n",
       "      <td>-0.098645</td>\n",
       "      <td>0.129272</td>\n",
       "      <td>0.543737</td>\n",
       "      <td>0.242724</td>\n",
       "      <td>0.065070</td>\n",
       "      <td>0.023500</td>\n",
       "      <td>0.0</td>\n",
       "      <td>0</td>\n",
       "    </tr>\n",
       "    <tr>\n",
       "      <th>4</th>\n",
       "      <td>31392.0</td>\n",
       "      <td>-3.680953</td>\n",
       "      <td>-4.183581</td>\n",
       "      <td>2.642743</td>\n",
       "      <td>4.263802</td>\n",
       "      <td>4.643286</td>\n",
       "      <td>-0.225053</td>\n",
       "      <td>-3.733637</td>\n",
       "      <td>1.273037</td>\n",
       "      <td>0.015661</td>\n",
       "      <td>...</td>\n",
       "      <td>0.649051</td>\n",
       "      <td>1.054124</td>\n",
       "      <td>0.795528</td>\n",
       "      <td>-0.901314</td>\n",
       "      <td>-0.425524</td>\n",
       "      <td>0.511675</td>\n",
       "      <td>0.125419</td>\n",
       "      <td>0.243671</td>\n",
       "      <td>0.0</td>\n",
       "      <td>0</td>\n",
       "    </tr>\n",
       "  </tbody>\n",
       "</table>\n",
       "<p>5 rows × 31 columns</p>\n",
       "</div>"
      ],
      "text/plain": [
       "      Time        V1        V2        V3        V4        V5        V6  \\\n",
       "0   8748.0 -1.070416  0.304517  2.777064  2.154061  0.254450 -0.448529   \n",
       "1  27074.0  1.165628  0.423671  0.887635  2.740163 -0.338578 -0.142846   \n",
       "2  28292.0  1.050879  0.053408  1.364590  2.666158 -0.378636  1.382032   \n",
       "3  28488.0  1.070316  0.079499  1.471856  2.863786 -0.637887  0.858159   \n",
       "4  31392.0 -3.680953 -4.183581  2.642743  4.263802  4.643286 -0.225053   \n",
       "\n",
       "         V7        V8        V9  ...       V21       V22       V23       V24  \\\n",
       "0 -0.398691  0.144672  1.070900  ... -0.122032 -0.182351  0.019576  0.626023   \n",
       "1 -0.055628 -0.015325 -0.213621  ... -0.081184 -0.025694 -0.076609  0.414687   \n",
       "2 -0.766202  0.486126  0.152611  ...  0.083467  0.624424 -0.157228 -0.240411   \n",
       "3 -0.687478  0.344146  0.459561  ...  0.048067  0.534713 -0.098645  0.129272   \n",
       "4 -3.733637  1.273037  0.015661  ...  0.649051  1.054124  0.795528 -0.901314   \n",
       "\n",
       "        V25       V26       V27       V28  Amount  Class  \n",
       "0 -0.018518 -0.263291 -0.198600  0.098435     0.0      0  \n",
       "1  0.631032  0.077322  0.010182  0.019912     0.0      0  \n",
       "2  0.573061  0.244090  0.063834  0.010981     0.0      0  \n",
       "3  0.543737  0.242724  0.065070  0.023500     0.0      0  \n",
       "4 -0.425524  0.511675  0.125419  0.243671     0.0      0  \n",
       "\n",
       "[5 rows x 31 columns]"
      ]
     },
     "execution_count": 10,
     "metadata": {},
     "output_type": "execute_result"
    }
   ],
   "source": [
    "%%bigquery\n",
    "SELECT *\n",
    "FROM bigquery-public-data.ml_datasets.ulb_fraud_detection # this cannot be parameterized with magics\n",
    "LIMIT 5"
   ]
  },
  {
   "cell_type": "markdown",
   "id": "d601bceb-2164-4006-b69e-af489e6bb27a",
   "metadata": {},
   "source": [
    "---\n",
    "## BigQuery From Python With BigFrames API\n",
    "\n",
    "Use the [BigQuery BigFrames API](https://cloud.google.com/python/docs/reference/bigframes/latest) to query BigQuery and directly interact with BigQuery objects."
   ]
  },
  {
   "cell_type": "code",
   "execution_count": 27,
   "id": "944a4072-3f8d-48ea-9467-bdea13aaedf4",
   "metadata": {
    "tags": []
   },
   "outputs": [
    {
     "data": {
      "text/html": [
       "Query job ff71911a-9804-4f88-bfa7-ff0a8ce2cf2a is DONE. 70.6 MB processed. <a target=\"_blank\" href=\"https://console.cloud.google.com/bigquery?project=statmike-mlops-349915&j=bq:US:ff71911a-9804-4f88-bfa7-ff0a8ce2cf2a&page=queryresults\">Open Job</a>"
      ],
      "text/plain": [
       "<IPython.core.display.HTML object>"
      ]
     },
     "metadata": {},
     "output_type": "display_data"
    },
    {
     "data": {
      "text/html": [
       "Query job b7eae00e-a500-456d-ad91-8b23edc90501 is DONE. 1.2 kB processed. <a target=\"_blank\" href=\"https://console.cloud.google.com/bigquery?project=statmike-mlops-349915&j=bq:US:b7eae00e-a500-456d-ad91-8b23edc90501&page=queryresults\">Open Job</a>"
      ],
      "text/plain": [
       "<IPython.core.display.HTML object>"
      ]
     },
     "metadata": {},
     "output_type": "display_data"
    },
    {
     "data": {
      "text/html": [
       "Query job f641a450-6c94-4361-8f3c-b108e5bc2144 is DONE. 1.2 kB processed. <a target=\"_blank\" href=\"https://console.cloud.google.com/bigquery?project=statmike-mlops-349915&j=bq:US:f641a450-6c94-4361-8f3c-b108e5bc2144&page=queryresults\">Open Job</a>"
      ],
      "text/plain": [
       "<IPython.core.display.HTML object>"
      ]
     },
     "metadata": {},
     "output_type": "display_data"
    },
    {
     "data": {
      "text/html": [
       "<div>\n",
       "<style scoped>\n",
       "    .dataframe tbody tr th:only-of-type {\n",
       "        vertical-align: middle;\n",
       "    }\n",
       "\n",
       "    .dataframe tbody tr th {\n",
       "        vertical-align: top;\n",
       "    }\n",
       "\n",
       "    .dataframe thead th {\n",
       "        text-align: right;\n",
       "    }\n",
       "</style>\n",
       "<table border=\"1\" class=\"dataframe\">\n",
       "  <thead>\n",
       "    <tr style=\"text-align: right;\">\n",
       "      <th></th>\n",
       "      <th>Time</th>\n",
       "      <th>V1</th>\n",
       "      <th>V2</th>\n",
       "      <th>V3</th>\n",
       "      <th>V4</th>\n",
       "      <th>V5</th>\n",
       "      <th>V6</th>\n",
       "      <th>V7</th>\n",
       "      <th>V8</th>\n",
       "      <th>V9</th>\n",
       "      <th>...</th>\n",
       "      <th>V21</th>\n",
       "      <th>V22</th>\n",
       "      <th>V23</th>\n",
       "      <th>V24</th>\n",
       "      <th>V25</th>\n",
       "      <th>V26</th>\n",
       "      <th>V27</th>\n",
       "      <th>V28</th>\n",
       "      <th>Amount</th>\n",
       "      <th>Class</th>\n",
       "    </tr>\n",
       "  </thead>\n",
       "  <tbody>\n",
       "    <tr>\n",
       "      <th>0</th>\n",
       "      <td>8748.0</td>\n",
       "      <td>-1.070416</td>\n",
       "      <td>0.304517</td>\n",
       "      <td>2.777064</td>\n",
       "      <td>2.154061</td>\n",
       "      <td>0.25445</td>\n",
       "      <td>-0.448529</td>\n",
       "      <td>-0.398691</td>\n",
       "      <td>0.144672</td>\n",
       "      <td>1.0709</td>\n",
       "      <td>...</td>\n",
       "      <td>-0.122032</td>\n",
       "      <td>-0.182351</td>\n",
       "      <td>0.019576</td>\n",
       "      <td>0.626023</td>\n",
       "      <td>-0.018518</td>\n",
       "      <td>-0.263291</td>\n",
       "      <td>-0.1986</td>\n",
       "      <td>0.098435</td>\n",
       "      <td>0.0</td>\n",
       "      <td>0</td>\n",
       "    </tr>\n",
       "    <tr>\n",
       "      <th>1</th>\n",
       "      <td>31392.0</td>\n",
       "      <td>-3.680953</td>\n",
       "      <td>-4.183581</td>\n",
       "      <td>2.642743</td>\n",
       "      <td>4.263802</td>\n",
       "      <td>4.643286</td>\n",
       "      <td>-0.225053</td>\n",
       "      <td>-3.733637</td>\n",
       "      <td>1.273037</td>\n",
       "      <td>0.015661</td>\n",
       "      <td>...</td>\n",
       "      <td>0.649051</td>\n",
       "      <td>1.054124</td>\n",
       "      <td>0.795528</td>\n",
       "      <td>-0.901314</td>\n",
       "      <td>-0.425524</td>\n",
       "      <td>0.511675</td>\n",
       "      <td>0.125419</td>\n",
       "      <td>0.243671</td>\n",
       "      <td>0.0</td>\n",
       "      <td>0</td>\n",
       "    </tr>\n",
       "    <tr>\n",
       "      <th>2</th>\n",
       "      <td>28292.0</td>\n",
       "      <td>1.050879</td>\n",
       "      <td>0.053408</td>\n",
       "      <td>1.36459</td>\n",
       "      <td>2.666158</td>\n",
       "      <td>-0.378636</td>\n",
       "      <td>1.382032</td>\n",
       "      <td>-0.766202</td>\n",
       "      <td>0.486126</td>\n",
       "      <td>0.152611</td>\n",
       "      <td>...</td>\n",
       "      <td>0.083467</td>\n",
       "      <td>0.624424</td>\n",
       "      <td>-0.157228</td>\n",
       "      <td>-0.240411</td>\n",
       "      <td>0.573061</td>\n",
       "      <td>0.24409</td>\n",
       "      <td>0.063834</td>\n",
       "      <td>0.010981</td>\n",
       "      <td>0.0</td>\n",
       "      <td>0</td>\n",
       "    </tr>\n",
       "    <tr>\n",
       "      <th>3</th>\n",
       "      <td>28488.0</td>\n",
       "      <td>1.070316</td>\n",
       "      <td>0.079499</td>\n",
       "      <td>1.471856</td>\n",
       "      <td>2.863786</td>\n",
       "      <td>-0.637887</td>\n",
       "      <td>0.858159</td>\n",
       "      <td>-0.687478</td>\n",
       "      <td>0.344146</td>\n",
       "      <td>0.459561</td>\n",
       "      <td>...</td>\n",
       "      <td>0.048067</td>\n",
       "      <td>0.534713</td>\n",
       "      <td>-0.098645</td>\n",
       "      <td>0.129272</td>\n",
       "      <td>0.543737</td>\n",
       "      <td>0.242724</td>\n",
       "      <td>0.06507</td>\n",
       "      <td>0.0235</td>\n",
       "      <td>0.0</td>\n",
       "      <td>0</td>\n",
       "    </tr>\n",
       "    <tr>\n",
       "      <th>4</th>\n",
       "      <td>27074.0</td>\n",
       "      <td>1.165628</td>\n",
       "      <td>0.423671</td>\n",
       "      <td>0.887635</td>\n",
       "      <td>2.740163</td>\n",
       "      <td>-0.338578</td>\n",
       "      <td>-0.142846</td>\n",
       "      <td>-0.055628</td>\n",
       "      <td>-0.015325</td>\n",
       "      <td>-0.213621</td>\n",
       "      <td>...</td>\n",
       "      <td>-0.081184</td>\n",
       "      <td>-0.025694</td>\n",
       "      <td>-0.076609</td>\n",
       "      <td>0.414687</td>\n",
       "      <td>0.631032</td>\n",
       "      <td>0.077322</td>\n",
       "      <td>0.010182</td>\n",
       "      <td>0.019912</td>\n",
       "      <td>0.0</td>\n",
       "      <td>0</td>\n",
       "    </tr>\n",
       "  </tbody>\n",
       "</table>\n",
       "<p>5 rows × 31 columns</p>\n",
       "</div>[5 rows x 31 columns in total]"
      ],
      "text/plain": [
       "      Time        V1        V2        V3        V4        V5        V6  \\\n",
       "0   8748.0 -1.070416  0.304517  2.777064  2.154061   0.25445 -0.448529   \n",
       "1  31392.0 -3.680953 -4.183581  2.642743  4.263802  4.643286 -0.225053   \n",
       "2  28292.0  1.050879  0.053408   1.36459  2.666158 -0.378636  1.382032   \n",
       "3  28488.0  1.070316  0.079499  1.471856  2.863786 -0.637887  0.858159   \n",
       "4  27074.0  1.165628  0.423671  0.887635  2.740163 -0.338578 -0.142846   \n",
       "\n",
       "         V7        V8        V9  ...       V21       V22       V23       V24  \\\n",
       "0 -0.398691  0.144672    1.0709  ... -0.122032 -0.182351  0.019576  0.626023   \n",
       "1 -3.733637  1.273037  0.015661  ...  0.649051  1.054124  0.795528 -0.901314   \n",
       "2 -0.766202  0.486126  0.152611  ...  0.083467  0.624424 -0.157228 -0.240411   \n",
       "3 -0.687478  0.344146  0.459561  ...  0.048067  0.534713 -0.098645  0.129272   \n",
       "4 -0.055628 -0.015325 -0.213621  ... -0.081184 -0.025694 -0.076609  0.414687   \n",
       "\n",
       "        V25       V26       V27       V28  Amount  Class  \n",
       "0 -0.018518 -0.263291   -0.1986  0.098435     0.0      0  \n",
       "1 -0.425524  0.511675  0.125419  0.243671     0.0      0  \n",
       "2  0.573061   0.24409  0.063834  0.010981     0.0      0  \n",
       "3  0.543737  0.242724   0.06507    0.0235     0.0      0  \n",
       "4  0.631032  0.077322  0.010182  0.019912     0.0      0  \n",
       "\n",
       "[5 rows x 31 columns]"
      ]
     },
     "execution_count": 27,
     "metadata": {},
     "output_type": "execute_result"
    }
   ],
   "source": [
    "bq_data_bigframes = bpd.read_gbq(f'SELECT * FROM `{BQ_SOURCE}` LIMIT 5')\n",
    "bq_data_bigframes.head()"
   ]
  },
  {
   "cell_type": "code",
   "execution_count": 28,
   "id": "4c3c7733-d1b7-4696-bfe4-609bd9c2b684",
   "metadata": {
    "tags": []
   },
   "outputs": [
    {
     "data": {
      "text/plain": [
       "bigframes.dataframe.DataFrame"
      ]
     },
     "execution_count": 28,
     "metadata": {},
     "output_type": "execute_result"
    }
   ],
   "source": [
    "type(bq_data_bigframes)"
   ]
  },
  {
   "cell_type": "code",
   "execution_count": 29,
   "id": "6a887945-47b2-4f7e-872f-63a43de9452f",
   "metadata": {
    "tags": []
   },
   "outputs": [
    {
     "data": {
      "text/html": [
       "Query job acd60a38-b2fd-4422-8e2b-3e4c8f22f4a9 is DONE. 0 Bytes processed. <a target=\"_blank\" href=\"https://console.cloud.google.com/bigquery?project=statmike-mlops-349915&j=bq:US:acd60a38-b2fd-4422-8e2b-3e4c8f22f4a9&page=queryresults\">Open Job</a>"
      ],
      "text/plain": [
       "<IPython.core.display.HTML object>"
      ]
     },
     "metadata": {},
     "output_type": "display_data"
    },
    {
     "data": {
      "text/plain": [
       "(5, 31)"
      ]
     },
     "execution_count": 29,
     "metadata": {},
     "output_type": "execute_result"
    }
   ],
   "source": [
    "bq_data_bigframes.shape"
   ]
  },
  {
   "cell_type": "code",
   "execution_count": 30,
   "id": "fa9c7e75-9203-442d-98d2-6f99c27e7ddb",
   "metadata": {
    "tags": []
   },
   "outputs": [
    {
     "data": {
      "text/html": [
       "Query job d1cfc564-3c34-49b5-a467-3ac313e7123f is DONE. 1.2 kB processed. <a target=\"_blank\" href=\"https://console.cloud.google.com/bigquery?project=statmike-mlops-349915&j=bq:US:d1cfc564-3c34-49b5-a467-3ac313e7123f&page=queryresults\">Open Job</a>"
      ],
      "text/plain": [
       "<IPython.core.display.HTML object>"
      ]
     },
     "metadata": {},
     "output_type": "display_data"
    },
    {
     "data": {
      "text/plain": [
       "pandas.core.frame.DataFrame"
      ]
     },
     "execution_count": 30,
     "metadata": {},
     "output_type": "execute_result"
    }
   ],
   "source": [
    "bq_data_bigframes = bq_data_bigframes.head().to_pandas()\n",
    "type(bq_data_bigframes)"
   ]
  },
  {
   "cell_type": "code",
   "execution_count": 31,
   "id": "180d1889-9220-4649-ba87-3017a43c69fd",
   "metadata": {
    "tags": []
   },
   "outputs": [
    {
     "data": {
      "text/plain": [
       "(5, 31)"
      ]
     },
     "execution_count": 31,
     "metadata": {},
     "output_type": "execute_result"
    }
   ],
   "source": [
    "bq_data_bigframes.shape"
   ]
  },
  {
   "cell_type": "markdown",
   "id": "7c1364e6-6ab9-490e-81b9-da8efbb6bfeb",
   "metadata": {},
   "source": [
    "---\n",
    "## BigQuery From Python\n",
    "\n",
    "Use the [BigQuery Python Client](https://cloud.google.com/python/docs/reference/bigquery/latest) to query BigQuery and return results as Pandas dataframes."
   ]
  },
  {
   "cell_type": "markdown",
   "id": "cb5aec96-54ee-4dda-be61-291b4cbad95b",
   "metadata": {},
   "source": [
    "### BigQuery API From Python\n"
   ]
  },
  {
   "cell_type": "code",
   "execution_count": 32,
   "id": "f6cc5b3d-7088-47d2-96b3-dcaa957f0e54",
   "metadata": {
    "tags": []
   },
   "outputs": [
    {
     "data": {
      "text/html": [
       "<div>\n",
       "<style scoped>\n",
       "    .dataframe tbody tr th:only-of-type {\n",
       "        vertical-align: middle;\n",
       "    }\n",
       "\n",
       "    .dataframe tbody tr th {\n",
       "        vertical-align: top;\n",
       "    }\n",
       "\n",
       "    .dataframe thead th {\n",
       "        text-align: right;\n",
       "    }\n",
       "</style>\n",
       "<table border=\"1\" class=\"dataframe\">\n",
       "  <thead>\n",
       "    <tr style=\"text-align: right;\">\n",
       "      <th></th>\n",
       "      <th>Time</th>\n",
       "      <th>V1</th>\n",
       "      <th>V2</th>\n",
       "      <th>V3</th>\n",
       "      <th>V4</th>\n",
       "      <th>V5</th>\n",
       "      <th>V6</th>\n",
       "      <th>V7</th>\n",
       "      <th>V8</th>\n",
       "      <th>V9</th>\n",
       "      <th>...</th>\n",
       "      <th>V21</th>\n",
       "      <th>V22</th>\n",
       "      <th>V23</th>\n",
       "      <th>V24</th>\n",
       "      <th>V25</th>\n",
       "      <th>V26</th>\n",
       "      <th>V27</th>\n",
       "      <th>V28</th>\n",
       "      <th>Amount</th>\n",
       "      <th>Class</th>\n",
       "    </tr>\n",
       "  </thead>\n",
       "  <tbody>\n",
       "    <tr>\n",
       "      <th>0</th>\n",
       "      <td>8748.0</td>\n",
       "      <td>-1.070416</td>\n",
       "      <td>0.304517</td>\n",
       "      <td>2.777064</td>\n",
       "      <td>2.154061</td>\n",
       "      <td>0.254450</td>\n",
       "      <td>-0.448529</td>\n",
       "      <td>-0.398691</td>\n",
       "      <td>0.144672</td>\n",
       "      <td>1.070900</td>\n",
       "      <td>...</td>\n",
       "      <td>-0.122032</td>\n",
       "      <td>-0.182351</td>\n",
       "      <td>0.019576</td>\n",
       "      <td>0.626023</td>\n",
       "      <td>-0.018518</td>\n",
       "      <td>-0.263291</td>\n",
       "      <td>-0.198600</td>\n",
       "      <td>0.098435</td>\n",
       "      <td>0.0</td>\n",
       "      <td>0</td>\n",
       "    </tr>\n",
       "    <tr>\n",
       "      <th>1</th>\n",
       "      <td>27074.0</td>\n",
       "      <td>1.165628</td>\n",
       "      <td>0.423671</td>\n",
       "      <td>0.887635</td>\n",
       "      <td>2.740163</td>\n",
       "      <td>-0.338578</td>\n",
       "      <td>-0.142846</td>\n",
       "      <td>-0.055628</td>\n",
       "      <td>-0.015325</td>\n",
       "      <td>-0.213621</td>\n",
       "      <td>...</td>\n",
       "      <td>-0.081184</td>\n",
       "      <td>-0.025694</td>\n",
       "      <td>-0.076609</td>\n",
       "      <td>0.414687</td>\n",
       "      <td>0.631032</td>\n",
       "      <td>0.077322</td>\n",
       "      <td>0.010182</td>\n",
       "      <td>0.019912</td>\n",
       "      <td>0.0</td>\n",
       "      <td>0</td>\n",
       "    </tr>\n",
       "    <tr>\n",
       "      <th>2</th>\n",
       "      <td>28292.0</td>\n",
       "      <td>1.050879</td>\n",
       "      <td>0.053408</td>\n",
       "      <td>1.364590</td>\n",
       "      <td>2.666158</td>\n",
       "      <td>-0.378636</td>\n",
       "      <td>1.382032</td>\n",
       "      <td>-0.766202</td>\n",
       "      <td>0.486126</td>\n",
       "      <td>0.152611</td>\n",
       "      <td>...</td>\n",
       "      <td>0.083467</td>\n",
       "      <td>0.624424</td>\n",
       "      <td>-0.157228</td>\n",
       "      <td>-0.240411</td>\n",
       "      <td>0.573061</td>\n",
       "      <td>0.244090</td>\n",
       "      <td>0.063834</td>\n",
       "      <td>0.010981</td>\n",
       "      <td>0.0</td>\n",
       "      <td>0</td>\n",
       "    </tr>\n",
       "    <tr>\n",
       "      <th>3</th>\n",
       "      <td>28488.0</td>\n",
       "      <td>1.070316</td>\n",
       "      <td>0.079499</td>\n",
       "      <td>1.471856</td>\n",
       "      <td>2.863786</td>\n",
       "      <td>-0.637887</td>\n",
       "      <td>0.858159</td>\n",
       "      <td>-0.687478</td>\n",
       "      <td>0.344146</td>\n",
       "      <td>0.459561</td>\n",
       "      <td>...</td>\n",
       "      <td>0.048067</td>\n",
       "      <td>0.534713</td>\n",
       "      <td>-0.098645</td>\n",
       "      <td>0.129272</td>\n",
       "      <td>0.543737</td>\n",
       "      <td>0.242724</td>\n",
       "      <td>0.065070</td>\n",
       "      <td>0.023500</td>\n",
       "      <td>0.0</td>\n",
       "      <td>0</td>\n",
       "    </tr>\n",
       "    <tr>\n",
       "      <th>4</th>\n",
       "      <td>31392.0</td>\n",
       "      <td>-3.680953</td>\n",
       "      <td>-4.183581</td>\n",
       "      <td>2.642743</td>\n",
       "      <td>4.263802</td>\n",
       "      <td>4.643286</td>\n",
       "      <td>-0.225053</td>\n",
       "      <td>-3.733637</td>\n",
       "      <td>1.273037</td>\n",
       "      <td>0.015661</td>\n",
       "      <td>...</td>\n",
       "      <td>0.649051</td>\n",
       "      <td>1.054124</td>\n",
       "      <td>0.795528</td>\n",
       "      <td>-0.901314</td>\n",
       "      <td>-0.425524</td>\n",
       "      <td>0.511675</td>\n",
       "      <td>0.125419</td>\n",
       "      <td>0.243671</td>\n",
       "      <td>0.0</td>\n",
       "      <td>0</td>\n",
       "    </tr>\n",
       "  </tbody>\n",
       "</table>\n",
       "<p>5 rows × 31 columns</p>\n",
       "</div>"
      ],
      "text/plain": [
       "      Time        V1        V2        V3        V4        V5        V6  \\\n",
       "0   8748.0 -1.070416  0.304517  2.777064  2.154061  0.254450 -0.448529   \n",
       "1  27074.0  1.165628  0.423671  0.887635  2.740163 -0.338578 -0.142846   \n",
       "2  28292.0  1.050879  0.053408  1.364590  2.666158 -0.378636  1.382032   \n",
       "3  28488.0  1.070316  0.079499  1.471856  2.863786 -0.637887  0.858159   \n",
       "4  31392.0 -3.680953 -4.183581  2.642743  4.263802  4.643286 -0.225053   \n",
       "\n",
       "         V7        V8        V9  ...       V21       V22       V23       V24  \\\n",
       "0 -0.398691  0.144672  1.070900  ... -0.122032 -0.182351  0.019576  0.626023   \n",
       "1 -0.055628 -0.015325 -0.213621  ... -0.081184 -0.025694 -0.076609  0.414687   \n",
       "2 -0.766202  0.486126  0.152611  ...  0.083467  0.624424 -0.157228 -0.240411   \n",
       "3 -0.687478  0.344146  0.459561  ...  0.048067  0.534713 -0.098645  0.129272   \n",
       "4 -3.733637  1.273037  0.015661  ...  0.649051  1.054124  0.795528 -0.901314   \n",
       "\n",
       "        V25       V26       V27       V28  Amount  Class  \n",
       "0 -0.018518 -0.263291 -0.198600  0.098435     0.0      0  \n",
       "1  0.631032  0.077322  0.010182  0.019912     0.0      0  \n",
       "2  0.573061  0.244090  0.063834  0.010981     0.0      0  \n",
       "3  0.543737  0.242724  0.065070  0.023500     0.0      0  \n",
       "4 -0.425524  0.511675  0.125419  0.243671     0.0      0  \n",
       "\n",
       "[5 rows x 31 columns]"
      ]
     },
     "execution_count": 32,
     "metadata": {},
     "output_type": "execute_result"
    }
   ],
   "source": [
    "query = f\"\"\"\n",
    "    SELECT * \n",
    "    FROM `{BQ_SOURCE}`\n",
    "    LIMIT 5\n",
    "\"\"\"\n",
    "preview = bq.query(query = query).to_dataframe()\n",
    "preview"
   ]
  },
  {
   "cell_type": "markdown",
   "id": "f6f24720-dccf-4e37-8001-d8108ddc8694",
   "metadata": {},
   "source": [
    "### BigQuery Python Client: Helper Function"
   ]
  },
  {
   "cell_type": "code",
   "execution_count": 33,
   "id": "cf30dd14-c99e-4cdf-a545-54c09d42a8fa",
   "metadata": {
    "tags": []
   },
   "outputs": [],
   "source": [
    "def bq_runner(query):\n",
    "    return bq.query(query = query)"
   ]
  },
  {
   "cell_type": "code",
   "execution_count": 34,
   "id": "cf643294-e707-4e7f-a75e-2cd53762ab3f",
   "metadata": {
    "tags": []
   },
   "outputs": [
    {
     "data": {
      "text/html": [
       "<div>\n",
       "<style scoped>\n",
       "    .dataframe tbody tr th:only-of-type {\n",
